# PAM results
# n = 2000
# k = 4
# total_cost = 114512

# medoids:
1668 966 853 1897

# columns: vertex cluster medoid dist
0 3 1897 58
1 0 1668 61
2 0 1668 60
3 2 853 53
4 0 1668 52
5 2 853 59
6 2 853 60
7 2 853 61
8 1 966 60
9 2 853 63
10 2 853 40
11 3 1897 59
12 2 853 61
13 1 966 57
14 2 853 57
15 1 966 56
16 1 966 56
17 1 966 59
18 2 853 60
19 0 1668 58
20 0 1668 50
21 1 966 62
22 2 853 57
23 3 1897 55
24 0 1668 57
25 3 1897 59
26 3 1897 56
27 1 966 61
28 0 1668 61
29 2 853 58
30 1 966 59
31 3 1897 39
32 1 966 54
33 0 1668 63
34 0 1668 56
35 3 1897 56
36 3 1897 56
37 3 1897 53
38 1 966 55
39 3 1897 60
40 1 966 63
41 1 966 57
42 3 1897 62
43 0 1668 61
44 2 853 60
45 1 966 54
46 3 1897 62
47 3 1897 56
48 2 853 62
49 1 966 60
50 2 853 21
51 1 966 49
52 1 966 61
53 0 1668 53
54 1 966 54
55 3 1897 55
56 2 853 58
57 1 966 56
58 1 966 59
59 1 966 53
60 3 1897 60
61 2 853 60
62 1 966 52
63 1 966 56
64 1 966 61
65 2 853 61
66 0 1668 60
67 1 966 55
68 0 1668 58
69 0 1668 58
70 1 966 60
71 0 1668 61
72 1 966 58
73 2 853 61
74 1 966 54
75 2 853 59
76 3 1897 55
77 1 966 59
78 2 853 55
79 1 966 57
80 0 1668 62
81 3 1897 57
82 3 1897 60
83 3 1897 62
84 1 966 60
85 1 966 62
86 2 853 59
87 0 1668 61
88 0 1668 62
89 0 1668 33
90 1 966 56
91 0 1668 60
92 3 1897 58
93 0 1668 60
94 3 1897 39
95 2 853 58
96 1 966 58
97 1 966 58
98 0 1668 61
99 0 1668 59
100 2 853 58
101 0 1668 62
102 3 1897 58
103 1 966 57
104 0 1668 56
105 1 966 58
106 3 1897 57
107 3 1897 28
108 3 1897 60
109 1 966 56
110 3 1897 59
111 0 1668 58
112 2 853 57
113 1 966 53
114 2 853 60
115 3 1897 23
116 3 1897 51
117 2 853 57
118 2 853 61
119 3 1897 56
120 1 966 38
121 3 1897 62
122 3 1897 61
123 0 1668 59
124 1 966 58
125 1 966 60
126 0 1668 66
127 1 966 51
128 2 853 63
129 0 1668 58
130 2 853 55
131 1 966 58
132 0 1668 60
133 0 1668 63
134 1 966 58
135 0 1668 58
136 0 1668 60
137 1 966 55
138 0 1668 63
139 2 853 57
140 3 1897 60
141 0 1668 60
142 2 853 61
143 2 853 61
144 0 1668 58
145 1 966 61
146 2 853 58
147 0 1668 60
148 0 1668 61
149 1 966 58
150 1 966 57
151 0 1668 60
152 1 966 57
153 0 1668 58
154 1 966 59
155 2 853 58
156 1 966 56
157 1 966 60
158 1 966 52
159 2 853 55
160 2 853 57
161 0 1668 57
162 1 966 58
163 1 966 58
164 2 853 53
165 0 1668 59
166 3 1897 61
167 2 853 58
168 1 966 59
169 2 853 59
170 0 1668 58
171 3 1897 63
172 0 1668 56
173 0 1668 61
174 0 1668 64
175 1 966 60
176 1 966 52
177 0 1668 61
178 1 966 63
179 2 853 60
180 1 966 59
181 2 853 61
182 0 1668 55
183 3 1897 62
184 0 1668 61
185 1 966 55
186 1 966 57
187 1 966 62
188 1 966 57
189 0 1668 58
190 1 966 61
191 1 966 52
192 1 966 49
193 3 1897 56
194 1 966 56
195 3 1897 59
196 3 1897 57
197 2 853 61
198 3 1897 58
199 0 1668 57
200 1 966 56
201 3 1897 56
202 1 966 59
203 3 1897 57
204 0 1668 60
205 0 1668 60
206 1 966 62
207 3 1897 59
208 1 966 60
209 1 966 57
210 0 1668 59
211 3 1897 60
212 1 966 58
213 2 853 63
214 1 966 54
215 2 853 63
216 2 853 60
217 1 966 57
218 1 966 57
219 1 966 50
220 0 1668 58
221 1 966 58
222 3 1897 59
223 3 1897 57
224 2 853 59
225 1 966 56
226 3 1897 59
227 1 966 61
228 0 1668 62
229 1 966 62
230 1 966 55
231 1 966 62
232 2 853 59
233 0 1668 61
234 2 853 61
235 2 853 62
236 3 1897 60
237 0 1668 60
238 0 1668 35
239 1 966 52
240 1 966 60
241 1 966 59
242 0 1668 62
243 2 853 57
244 2 853 58
245 0 1668 60
246 0 1668 60
247 0 1668 56
248 1 966 60
249 1 966 56
250 3 1897 58
251 1 966 53
252 1 966 59
253 0 1668 62
254 2 853 60
255 1 966 54
256 3 1897 62
257 2 853 61
258 0 1668 59
259 0 1668 59
260 0 1668 61
261 3 1897 62
262 2 853 61
263 1 966 62
264 2 853 57
265 0 1668 61
266 2 853 48
267 0 1668 57
268 0 1668 60
269 0 1668 60
270 1 966 58
271 1 966 58
272 1 966 62
273 1 966 53
274 1 966 50
275 2 853 43
276 3 1897 57
277 3 1897 61
278 3 1897 57
279 1 966 57
280 2 853 57
281 0 1668 50
282 0 1668 56
283 1 966 62
284 2 853 57
285 1 966 62
286 0 1668 58
287 1 966 46
288 0 1668 60
289 0 1668 59
290 0 1668 62
291 1 966 60
292 3 1897 59
293 0 1668 62
294 0 1668 58
295 2 853 57
296 0 1668 62
297 1 966 53
298 0 1668 61
299 2 853 60
300 1 966 48
301 0 1668 64
302 2 853 57
303 1 966 55
304 0 1668 64
305 3 1897 57
306 0 1668 63
307 1 966 61
308 0 1668 53
309 2 853 57
310 0 1668 58
311 3 1897 60
312 3 1897 59
313 0 1668 54
314 3 1897 59
315 2 853 62
316 3 1897 59
317 2 853 60
318 3 1897 59
319 2 853 57
320 0 1668 60
321 0 1668 63
322 3 1897 58
323 0 1668 59
324 3 1897 58
325 3 1897 56
326 1 966 57
327 1 966 60
328 3 1897 55
329 1 966 58
330 1 966 58
331 3 1897 58
332 0 1668 63
333 2 853 49
334 3 1897 58
335 0 1668 58
336 3 1897 35
337 3 1897 49
338 1 966 61
339 2 853 60
340 2 853 57
341 0 1668 64
342 2 853 63
343 1 966 58
344 0 1668 59
345 1 966 54
346 1 966 58
347 1 966 58
348 1 966 58
349 2 853 59
350 1 966 55
351 2 853 58
352 2 853 56
353 1 966 60
354 0 1668 60
355 2 853 60
356 0 1668 61
357 3 1897 57
358 2 853 56
359 2 853 59
360 1 966 60
361 0 1668 49
362 2 853 60
363 3 1897 62
364 1 966 54
365 3 1897 59
366 3 1897 58
367 1 966 58
368 1 966 59
369 3 1897 57
370 0 1668 59
371 2 853 61
372 1 966 57
373 1 966 55
374 1 966 52
375 0 1668 54
376 0 1668 55
377 3 1897 60
378 2 853 60
379 3 1897 56
380 3 1897 43
381 1 966 60
382 2 853 59
383 3 1897 56
384 1 966 60
385 1 966 57
386 0 1668 59
387 0 1668 56
388 2 853 56
389 3 1897 58
390 0 1668 60
391 2 853 56
392 1 966 64
393 1 966 61
394 0 1668 62
395 2 853 58
396 1 966 51
397 3 1897 58
398 2 853 58
399 0 1668 55
400 2 853 59
401 3 1897 58
402 3 1897 55
403 0 1668 60
404 0 1668 57
405 2 853 60
406 2 853 58
407 2 853 58
408 2 853 54
409 2 853 60
410 1 966 60
411 0 1668 60
412 0 1668 57
413 3 1897 57
414 2 853 60
415 1 966 61
416 1 966 55
417 2 853 53
418 2 853 59
419 1 966 62
420 1 966 60
421 1 966 60
422 1 966 56
423 3 1897 56
424 2 853 63
425 2 853 31
426 1 966 59
427 3 1897 60
428 1 966 51
429 3 1897 59
430 2 853 63
431 2 853 48
432 3 1897 57
433 3 1897 61
434 1 966 56
435 3 1897 58
436 2 853 61
437 0 1668 63
438 3 1897 59
439 3 1897 60
440 1 966 61
441 1 966 51
442 0 1668 58
443 1 966 58
444 1 966 62
445 3 1897 50
446 2 853 60
447 1 966 62
448 2 853 59
449 2 853 62
450 1 966 56
451 2 853 60
452 2 853 51
453 2 853 58
454 2 853 63
455 3 1897 55
456 0 1668 60
457 2 853 61
458 0 1668 59
459 0 1668 60
460 1 966 58
461 1 966 54
462 0 1668 60
463 1 966 53
464 2 853 61
465 0 1668 60
466 1 966 64
467 1 966 56
468 2 853 63
469 2 853 62
470 2 853 62
471 1 966 51
472 0 1668 56
473 1 966 55
474 3 1897 48
475 1 966 56
476 1 966 56
477 2 853 57
478 3 1897 58
479 1 966 50
480 3 1897 59
481 2 853 62
482 2 853 60
483 2 853 58
484 3 1897 55
485 3 1897 58
486 1 966 61
487 1 966 60
488 1 966 57
489 2 853 51
490 3 1897 28
491 1 966 55
492 1 966 60
493 0 1668 62
494 0 1668 63
495 0 1668 58
496 3 1897 59
497 1 966 62
498 0 1668 61
499 0 1668 58
500 3 1897 62
501 1 966 54
502 2 853 61
503 2 853 60
504 2 853 56
505 2 853 60
506 0 1668 59
507 1 966 59
508 0 1668 60
509 0 1668 61
510 2 853 56
511 3 1897 61
512 2 853 59
513 3 1897 62
514 1 966 60
515 3 1897 56
516 3 1897 56
517 1 966 56
518 1 966 59
519 3 1897 57
520 3 1897 60
521 1 966 59
522 1 966 56
523 2 853 58
524 2 853 55
525 2 853 60
526 1 966 55
527 1 966 59
528 2 853 56
529 1 966 56
530 2 853 54
531 2 853 58
532 3 1897 56
533 1 966 60
534 1 966 55
535 0 1668 59
536 2 853 44
537 3 1897 61
538 1 966 60
539 2 853 61
540 0 1668 61
541 0 1668 61
542 1 966 60
543 2 853 46
544 1 966 62
545 2 853 57
546 2 853 60
547 0 1668 62
548 2 853 58
549 2 853 59
550 1 966 58
551 0 1668 61
552 0 1668 60
553 1 966 61
554 1 966 59
555 2 853 59
556 1 966 50
557 1 966 58
558 0 1668 60
559 2 853 57
560 3 1897 55
561 2 853 61
562 1 966 60
563 0 1668 59
564 0 1668 57
565 1 966 62
566 0 1668 63
567 3 1897 55
568 2 853 44
569 0 1668 52
570 1 966 59
571 0 1668 57
572 3 1897 60
573 3 1897 56
574 0 1668 60
575 2 853 59
576 0 1668 60
577 0 1668 58
578 2 853 57
579 1 966 51
580 0 1668 57
581 1 966 57
582 1 966 54
583 0 1668 61
584 1 966 50
585 1 966 59
586 0 1668 60
587 2 853 63
588 0 1668 62
589 2 853 62
590 1 966 60
591 3 1897 52
592 3 1897 61
593 0 1668 65
594 3 1897 60
595 0 1668 57
596 1 966 52
597 0 1668 47
598 3 1897 60
599 1 966 54
600 3 1897 58
601 0 1668 61
602 1 966 60
603 3 1897 59
604 3 1897 59
605 0 1668 60
606 3 1897 56
607 0 1668 61
608 1 966 59
609 1 966 58
610 2 853 53
611 2 853 57
612 0 1668 56
613 0 1668 61
614 2 853 59
615 3 1897 37
616 1 966 58
617 2 853 48
618 0 1668 57
619 3 1897 60
620 1 966 57
621 0 1668 59
622 2 853 59
623 3 1897 60
624 1 966 57
625 1 966 58
626 2 853 61
627 0 1668 61
628 2 853 56
629 3 1897 59
630 3 1897 59
631 1 966 62
632 3 1897 53
633 0 1668 60
634 1 966 56
635 1 966 54
636 1 966 56
637 1 966 60
638 0 1668 62
639 1 966 61
640 2 853 41
641 1 966 56
642 1 966 51
643 3 1897 59
644 1 966 60
645 2 853 57
646 0 1668 60
647 1 966 58
648 1 966 59
649 1 966 52
650 1 966 56
651 1 966 57
652 1 966 56
653 0 1668 59
654 0 1668 58
655 1 966 55
656 0 1668 60
657 2 853 58
658 1 966 60
659 2 853 58
660 0 1668 62
661 1 966 50
662 3 1897 57
663 3 1897 49
664 2 853 61
665 0 1668 62
666 2 853 63
667 3 1897 59
668 0 1668 63
669 0 1668 56
670 1 966 48
671 2 853 59
672 1 966 60
673 3 1897 59
674 0 1668 59
675 3 1897 57
676 3 1897 60
677 3 1897 62
678 0 1668 64
679 2 853 59
680 3 1897 57
681 3 1897 61
682 2 853 62
683 0 1668 63
684 2 853 55
685 1 966 57
686 1 966 55
687 0 1668 63
688 2 853 58
689 3 1897 59
690 3 1897 58
691 1 966 56
692 1 966 65
693 3 1897 57
694 2 853 55
695 3 1897 58
696 3 1897 54
697 2 853 54
698 0 1668 59
699 0 1668 61
700 2 853 60
701 0 1668 59
702 1 966 54
703 1 966 48
704 0 1668 57
705 1 966 58
706 2 853 57
707 0 1668 59
708 0 1668 59
709 0 1668 60
710 2 853 62
711 2 853 54
712 1 966 60
713 2 853 56
714 3 1897 60
715 0 1668 57
716 3 1897 60
717 2 853 58
718 2 853 61
719 2 853 57
720 1 966 57
721 1 966 62
722 0 1668 54
723 1 966 51
724 3 1897 58
725 1 966 55
726 1 966 62
727 2 853 60
728 2 853 59
729 0 1668 63
730 2 853 60
731 3 1897 57
732 2 853 59
733 2 853 23
734 1 966 60
735 2 853 57
736 0 1668 60
737 0 1668 59
738 2 853 63
739 2 853 60
740 3 1897 57
741 0 1668 61
742 1 966 62
743 3 1897 59
744 3 1897 60
745 1 966 51
746 0 1668 60
747 3 1897 60
748 0 1668 62
749 0 1668 59
750 1 966 55
751 1 966 60
752 1 966 60
753 0 1668 56
754 2 853 61
755 0 1668 59
756 0 1668 60
757 0 1668 62
758 1 966 62
759 3 1897 63
760 0 1668 60
761 1 966 55
762 2 853 59
763 0 1668 59
764 2 853 59
765 1 966 60
766 1 966 61
767 1 966 52
768 1 966 57
769 0 1668 61
770 0 1668 58
771 2 853 62
772 3 1897 57
773 1 966 52
774 1 966 62
775 3 1897 61
776 1 966 59
777 0 1668 60
778 1 966 57
779 3 1897 59
780 0 1668 58
781 3 1897 59
782 1 966 60
783 3 1897 54
784 2 853 62
785 3 1897 56
786 2 853 61
787 3 1897 45
788 1 966 54
789 1 966 63
790 3 1897 63
791 2 853 62
792 0 1668 62
793 1 966 63
794 1 966 63
795 1 966 51
796 0 1668 57
797 1 966 55
798 2 853 58
799 1 966 58
800 3 1897 58
801 2 853 33
802 2 853 55
803 1 966 57
804 1 966 61
805 1 966 59
806 1 966 59
807 1 966 58
808 1 966 53
809 2 853 61
810 1 966 52
811 0 1668 62
812 3 1897 46
813 2 853 54
814 2 853 57
815 2 853 60
816 1 966 62
817 0 1668 59
818 2 853 58
819 1 966 56
820 2 853 61
821 2 853 61
822 3 1897 62
823 0 1668 61
824 2 853 58
825 3 1897 60
826 1 966 53
827 2 853 57
828 0 1668 58
829 2 853 58
830 1 966 54
831 0 1668 56
832 3 1897 62
833 2 853 53
834 2 853 59
835 2 853 58
836 1 966 55
837 1 966 55
838 1 966 61
839 0 1668 57
840 0 1668 51
841 2 853 60
842 1 966 53
843 1 966 56
844 0 1668 60
845 3 1897 55
846 2 853 60
847 0 1668 60
848 1 966 55
849 3 1897 61
850 3 1897 56
851 2 853 57
852 3 1897 59
853 2 853 0
854 1 966 61
855 0 1668 56
856 2 853 60
857 0 1668 58
858 3 1897 59
859 2 853 60
860 2 853 55
861 0 1668 60
862 3 1897 60
863 0 1668 62
864 0 1668 61
865 0 1668 64
866 2 853 62
867 3 1897 55
868 3 1897 57
869 2 853 56
870 1 966 60
871 1 966 56
872 0 1668 59
873 1 966 56
874 3 1897 58
875 3 1897 54
876 1 966 55
877 0 1668 60
878 3 1897 55
879 1 966 57
880 0 1668 61
881 1 966 52
882 2 853 56
883 3 1897 57
884 1 966 56
885 0 1668 61
886 1 966 54
887 1 966 52
888 0 1668 62
889 3 1897 35
890 2 853 61
891 2 853 24
892 0 1668 58
893 0 1668 58
894 1 966 56
895 1 966 60
896 2 853 61
897 2 853 59
898 1 966 55
899 0 1668 55
900 1 966 51
901 3 1897 59
902 1 966 54
903 0 1668 61
904 1 966 58
905 3 1897 54
906 1 966 48
907 1 966 50
908 0 1668 59
909 0 1668 60
910 2 853 58
911 2 853 54
912 1 966 52
913 0 1668 62
914 3 1897 62
915 3 1897 60
916 0 1668 59
917 1 966 57
918 2 853 60
919 2 853 59
920 3 1897 59
921 1 966 56
922 2 853 58
923 1 966 60
924 1 966 60
925 1 966 57
926 0 1668 58
927 0 1668 58
928 2 853 59
929 2 853 58
930 1 966 57
931 2 853 52
932 1 966 59
933 3 1897 57
934 1 966 61
935 2 853 55
936 2 853 61
937 0 1668 61
938 3 1897 58
939 3 1897 58
940 0 1668 61
941 0 1668 34
942 2 853 55
943 1 966 57
944 2 853 57
945 0 1668 60
946 0 1668 62
947 2 853 57
948 1 966 59
949 2 853 60
950 1 966 62
951 3 1897 58
952 0 1668 46
953 0 1668 62
954 3 1897 60
955 2 853 55
956 2 853 61
957 2 853 59
958 3 1897 58
959 1 966 56
960 1 966 64
961 2 853 59
962 1 966 58
963 2 853 59
964 1 966 63
965 2 853 57
966 1 966 0
967 0 1668 57
968 3 1897 60
969 0 1668 62
970 3 1897 55
971 0 1668 55
972 2 853 56
973 3 1897 61
974 1 966 59
975 2 853 59
976 1 966 62
977 3 1897 47
978 3 1897 58
979 0 1668 22
980 0 1668 57
981 2 853 61
982 0 1668 61
983 1 966 58
984 0 1668 60
985 2 853 41
986 0 1668 59
987 1 966 54
988 0 1668 19
989 0 1668 26
990 0 1668 59
991 1 966 60
992 3 1897 58
993 1 966 51
994 3 1897 57
995 0 1668 56
996 1 966 58
997 3 1897 60
998 2 853 60
999 1 966 55
1000 0 1668 57
1001 2 853 59
1002 2 853 61
1003 1 966 56
1004 1 966 60
1005 1 966 45
1006 1 966 57
1007 0 1668 61
1008 0 1668 56
1009 2 853 57
1010 0 1668 60
1011 0 1668 33
1012 2 853 61
1013 2 853 42
1014 3 1897 58
1015 1 966 58
1016 3 1897 57
1017 1 966 48
1018 1 966 59
1019 1 966 59
1020 0 1668 56
1021 1 966 54
1022 3 1897 55
1023 2 853 58
1024 3 1897 57
1025 1 966 58
1026 1 966 56
1027 0 1668 59
1028 0 1668 59
1029 0 1668 59
1030 3 1897 61
1031 1 966 49
1032 1 966 55
1033 0 1668 57
1034 1 966 49
1035 0 1668 53
1036 2 853 62
1037 2 853 46
1038 1 966 51
1039 3 1897 62
1040 1 966 62
1041 0 1668 62
1042 3 1897 61
1043 1 966 60
1044 1 966 59
1045 1 966 59
1046 2 853 24
1047 3 1897 59
1048 2 853 58
1049 0 1668 62
1050 3 1897 56
1051 3 1897 59
1052 3 1897 57
1053 2 853 59
1054 3 1897 56
1055 0 1668 62
1056 2 853 60
1057 1 966 57
1058 1 966 59
1059 1 966 58
1060 0 1668 61
1061 1 966 54
1062 2 853 60
1063 0 1668 58
1064 1 966 57
1065 2 853 56
1066 2 853 62
1067 1 966 59
1068 1 966 51
1069 0 1668 56
1070 3 1897 55
1071 2 853 57
1072 3 1897 57
1073 3 1897 60
1074 3 1897 58
1075 1 966 53
1076 2 853 59
1077 3 1897 56
1078 0 1668 48
1079 0 1668 63
1080 2 853 62
1081 1 966 50
1082 1 966 49
1083 3 1897 56
1084 3 1897 61
1085 2 853 56
1086 1 966 56
1087 0 1668 54
1088 2 853 56
1089 3 1897 57
1090 1 966 63
1091 1 966 50
1092 0 1668 63
1093 1 966 59
1094 3 1897 50
1095 0 1668 60
1096 2 853 43
1097 1 966 59
1098 0 1668 58
1099 2 853 56
1100 0 1668 59
1101 1 966 52
1102 3 1897 58
1103 1 966 53
1104 1 966 59
1105 3 1897 54
1106 2 853 60
1107 3 1897 60
1108 0 1668 59
1109 1 966 61
1110 0 1668 59
1111 1 966 60
1112 1 966 60
1113 0 1668 59
1114 3 1897 52
1115 1 966 61
1116 3 1897 24
1117 2 853 53
1118 0 1668 59
1119 1 966 53
1120 2 853 59
1121 0 1668 59
1122 3 1897 57
1123 2 853 56
1124 1 966 59
1125 3 1897 57
1126 1 966 58
1127 1 966 57
1128 2 853 59
1129 2 853 60
1130 3 1897 59
1131 3 1897 57
1132 1 966 55
1133 0 1668 60
1134 3 1897 56
1135 3 1897 57
1136 2 853 60
1137 2 853 57
1138 1 966 61
1139 3 1897 32
1140 3 1897 57
1141 3 1897 59
1142 3 1897 58
1143 1 966 56
1144 0 1668 58
1145 3 1897 59
1146 3 1897 61
1147 0 1668 58
1148 3 1897 59
1149 0 1668 59
1150 3 1897 56
1151 0 1668 61
1152 3 1897 61
1153 3 1897 58
1154 2 853 58
1155 3 1897 60
1156 2 853 60
1157 0 1668 59
1158 0 1668 59
1159 0 1668 61
1160 2 853 62
1161 1 966 52
1162 1 966 55
1163 3 1897 53
1164 1 966 58
1165 3 1897 60
1166 0 1668 56
1167 2 853 55
1168 1 966 57
1169 3 1897 56
1170 0 1668 59
1171 0 1668 56
1172 1 966 59
1173 3 1897 59
1174 0 1668 55
1175 0 1668 58
1176 2 853 60
1177 2 853 63
1178 2 853 60
1179 0 1668 62
1180 0 1668 60
1181 1 966 58
1182 1 966 62
1183 0 1668 52
1184 3 1897 56
1185 0 1668 59
1186 0 1668 61
1187 3 1897 57
1188 0 1668 64
1189 1 966 59
1190 1 966 60
1191 2 853 58
1192 2 853 57
1193 3 1897 60
1194 2 853 62
1195 1 966 53
1196 2 853 60
1197 2 853 60
1198 1 966 59
1199 1 966 61
1200 3 1897 59
1201 0 1668 54
1202 2 853 42
1203 2 853 62
1204 3 1897 60
1205 1 966 57
1206 3 1897 58
1207 0 1668 58
1208 0 1668 60
1209 1 966 49
1210 2 853 58
1211 2 853 56
1212 0 1668 61
1213 1 966 62
1214 1 966 55
1215 2 853 59
1216 2 853 57
1217 2 853 61
1218 0 1668 59
1219 0 1668 59
1220 0 1668 58
1221 2 853 60
1222 0 1668 62
1223 1 966 63
1224 2 853 60
1225 1 966 52
1226 3 1897 61
1227 2 853 60
1228 3 1897 35
1229 2 853 61
1230 1 966 57
1231 1 966 57
1232 0 1668 58
1233 1 966 61
1234 0 1668 42
1235 3 1897 56
1236 3 1897 56
1237 1 966 53
1238 0 1668 62
1239 1 966 55
1240 3 1897 54
1241 2 853 58
1242 2 853 57
1243 0 1668 58
1244 1 966 55
1245 3 1897 54
1246 3 1897 58
1247 0 1668 61
1248 3 1897 60
1249 3 1897 53
1250 3 1897 58
1251 1 966 59
1252 1 966 58
1253 0 1668 61
1254 1 966 53
1255 1 966 61
1256 0 1668 56
1257 0 1668 56
1258 0 1668 56
1259 3 1897 60
1260 0 1668 59
1261 1 966 60
1262 2 853 54
1263 1 966 56
1264 3 1897 54
1265 0 1668 56
1266 1 966 57
1267 0 1668 60
1268 1 966 59
1269 1 966 49
1270 2 853 53
1271 1 966 61
1272 3 1897 58
1273 1 966 58
1274 0 1668 47
1275 3 1897 56
1276 3 1897 61
1277 0 1668 60
1278 1 966 63
1279 3 1897 55
1280 1 966 49
1281 3 1897 58
1282 1 966 61
1283 3 1897 61
1284 3 1897 53
1285 0 1668 56
1286 2 853 57
1287 2 853 62
1288 1 966 59
1289 2 853 58
1290 3 1897 58
1291 3 1897 59
1292 3 1897 57
1293 0 1668 61
1294 1 966 56
1295 3 1897 59
1296 3 1897 55
1297 2 853 62
1298 3 1897 59
1299 0 1668 62
1300 3 1897 60
1301 0 1668 59
1302 1 966 59
1303 2 853 64
1304 1 966 62
1305 1 966 60
1306 1 966 57
1307 0 1668 57
1308 1 966 57
1309 3 1897 61
1310 1 966 57
1311 2 853 59
1312 0 1668 61
1313 0 1668 58
1314 3 1897 57
1315 0 1668 63
1316 2 853 57
1317 1 966 54
1318 3 1897 57
1319 1 966 51
1320 3 1897 55
1321 3 1897 57
1322 3 1897 28
1323 1 966 55
1324 1 966 49
1325 1 966 59
1326 2 853 60
1327 2 853 59
1328 1 966 55
1329 0 1668 55
1330 3 1897 57
1331 2 853 58
1332 1 966 61
1333 3 1897 54
1334 1 966 57
1335 2 853 64
1336 2 853 57
1337 1 966 57
1338 0 1668 63
1339 2 853 60
1340 2 853 63
1341 3 1897 62
1342 0 1668 64
1343 3 1897 59
1344 2 853 57
1345 1 966 64
1346 1 966 59
1347 0 1668 60
1348 3 1897 57
1349 3 1897 58
1350 1 966 60
1351 3 1897 56
1352 3 1897 53
1353 1 966 59
1354 1 966 62
1355 2 853 61
1356 3 1897 59
1357 0 1668 59
1358 3 1897 58
1359 3 1897 55
1360 1 966 59
1361 3 1897 61
1362 0 1668 61
1363 3 1897 57
1364 3 1897 57
1365 3 1897 58
1366 1 966 60
1367 1 966 61
1368 3 1897 60
1369 0 1668 57
1370 1 966 61
1371 3 1897 61
1372 0 1668 62
1373 0 1668 63
1374 1 966 48
1375 0 1668 61
1376 2 853 57
1377 0 1668 61
1378 1 966 58
1379 3 1897 61
1380 2 853 62
1381 0 1668 54
1382 0 1668 62
1383 0 1668 59
1384 1 966 57
1385 1 966 57
1386 2 853 57
1387 3 1897 39
1388 2 853 58
1389 2 853 54
1390 0 1668 61
1391 1 966 54
1392 0 1668 58
1393 3 1897 54
1394 1 966 48
1395 2 853 58
1396 2 853 58
1397 0 1668 58
1398 3 1897 58
1399 3 1897 34
1400 0 1668 60
1401 0 1668 53
1402 2 853 62
1403 3 1897 62
1404 1 966 60
1405 0 1668 59
1406 1 966 61
1407 1 966 53
1408 3 1897 63
1409 2 853 63
1410 3 1897 58
1411 0 1668 60
1412 1 966 54
1413 0 1668 62
1414 0 1668 61
1415 3 1897 57
1416 1 966 51
1417 1 966 56
1418 2 853 59
1419 0 1668 60
1420 0 1668 60
1421 2 853 62
1422 3 1897 64
1423 0 1668 60
1424 3 1897 57
1425 3 1897 56
1426 1 966 54
1427 3 1897 47
1428 0 1668 59
1429 2 853 60
1430 0 1668 57
1431 0 1668 62
1432 0 1668 61
1433 3 1897 57
1434 2 853 61
1435 2 853 54
1436 3 1897 62
1437 1 966 60
1438 3 1897 61
1439 2 853 59
1440 0 1668 62
1441 0 1668 57
1442 0 1668 56
1443 0 1668 60
1444 1 966 59
1445 2 853 58
1446 2 853 55
1447 1 966 55
1448 2 853 61
1449 0 1668 55
1450 2 853 52
1451 1 966 60
1452 2 853 60
1453 2 853 53
1454 0 1668 29
1455 1 966 61
1456 0 1668 61
1457 3 1897 61
1458 1 966 61
1459 2 853 61
1460 1 966 60
1461 1 966 58
1462 0 1668 61
1463 0 1668 64
1464 0 1668 15
1465 0 1668 60
1466 2 853 59
1467 0 1668 60
1468 3 1897 56
1469 2 853 59
1470 3 1897 57
1471 2 853 60
1472 2 853 60
1473 2 853 55
1474 0 1668 61
1475 2 853 61
1476 3 1897 59
1477 1 966 60
1478 1 966 54
1479 1 966 56
1480 3 1897 56
1481 0 1668 52
1482 2 853 60
1483 2 853 61
1484 3 1897 58
1485 2 853 60
1486 1 966 59
1487 3 1897 57
1488 1 966 56
1489 2 853 62
1490 1 966 54
1491 3 1897 61
1492 0 1668 62
1493 0 1668 64
1494 2 853 60
1495 1 966 64
1496 2 853 60
1497 0 1668 60
1498 3 1897 62
1499 3 1897 58
1500 2 853 61
1501 2 853 63
1502 0 1668 60
1503 2 853 58
1504 0 1668 57
1505 2 853 57
1506 2 853 55
1507 3 1897 59
1508 3 1897 56
1509 1 966 58
1510 0 1668 59
1511 2 853 56
1512 2 853 55
1513 3 1897 59
1514 0 1668 51
1515 2 853 58
1516 3 1897 56
1517 2 853 61
1518 2 853 60
1519 2 853 57
1520 0 1668 63
1521 2 853 58
1522 3 1897 57
1523 1 966 55
1524 2 853 59
1525 1 966 63
1526 0 1668 61
1527 1 966 57
1528 1 966 54
1529 3 1897 58
1530 1 966 47
1531 2 853 58
1532 1 966 49
1533 1 966 55
1534 0 1668 59
1535 1 966 61
1536 2 853 59
1537 0 1668 63
1538 1 966 58
1539 0 1668 61
1540 1 966 57
1541 0 1668 52
1542 1 966 59
1543 0 1668 58
1544 0 1668 60
1545 0 1668 61
1546 1 966 56
1547 0 1668 61
1548 1 966 59
1549 0 1668 64
1550 3 1897 58
1551 0 1668 62
1552 0 1668 60
1553 1 966 51
1554 2 853 57
1555 2 853 61
1556 1 966 60
1557 0 1668 59
1558 0 1668 55
1559 2 853 60
1560 3 1897 60
1561 2 853 62
1562 3 1897 60
1563 3 1897 55
1564 1 966 59
1565 1 966 56
1566 1 966 59
1567 1 966 59
1568 3 1897 58
1569 1 966 62
1570 0 1668 61
1571 0 1668 60
1572 0 1668 63
1573 0 1668 57
1574 2 853 62
1575 1 966 58
1576 1 966 50
1577 2 853 61
1578 1 966 56
1579 3 1897 59
1580 1 966 58
1581 2 853 58
1582 3 1897 61
1583 3 1897 62
1584 1 966 61
1585 2 853 55
1586 2 853 58
1587 1 966 63
1588 3 1897 58
1589 0 1668 57
1590 3 1897 59
1591 0 1668 52
1592 1 966 59
1593 3 1897 57
1594 0 1668 58
1595 1 966 58
1596 0 1668 60
1597 3 1897 59
1598 2 853 58
1599 0 1668 40
1600 1 966 56
1601 3 1897 58
1602 3 1897 59
1603 0 1668 61
1604 3 1897 57
1605 1 966 61
1606 0 1668 61
1607 3 1897 59
1608 3 1897 60
1609 2 853 62
1610 1 966 57
1611 2 853 61
1612 1 966 51
1613 1 966 45
1614 0 1668 59
1615 2 853 59
1616 1 966 50
1617 2 853 60
1618 2 853 57
1619 2 853 47
1620 3 1897 56
1621 1 966 56
1622 2 853 58
1623 3 1897 51
1624 2 853 59
1625 2 853 58
1626 3 1897 60
1627 0 1668 59
1628 3 1897 63
1629 0 1668 61
1630 2 853 62
1631 1 966 55
1632 3 1897 55
1633 3 1897 53
1634 2 853 57
1635 3 1897 59
1636 3 1897 61
1637 3 1897 59
1638 2 853 59
1639 0 1668 61
1640 1 966 51
1641 0 1668 60
1642 3 1897 58
1643 2 853 56
1644 3 1897 61
1645 0 1668 61
1646 2 853 58
1647 0 1668 55
1648 0 1668 52
1649 2 853 57
1650 2 853 24
1651 1 966 57
1652 0 1668 58
1653 1 966 62
1654 0 1668 19
1655 2 853 60
1656 3 1897 56
1657 1 966 56
1658 0 1668 61
1659 2 853 39
1660 0 1668 38
1661 3 1897 53
1662 0 1668 61
1663 3 1897 59
1664 2 853 59
1665 1 966 63
1666 2 853 61
1667 0 1668 58
1668 0 1668 0
1669 2 853 58
1670 3 1897 60
1671 2 853 51
1672 2 853 58
1673 0 1668 56
1674 2 853 56
1675 2 853 60
1676 3 1897 61
1677 2 853 59
1678 0 1668 60
1679 0 1668 57
1680 2 853 60
1681 0 1668 57
1682 0 1668 56
1683 2 853 62
1684 1 966 54
1685 3 1897 54
1686 2 853 38
1687 0 1668 60
1688 1 966 56
1689 0 1668 62
1690 1 966 59
1691 3 1897 54
1692 1 966 57
1693 3 1897 58
1694 0 1668 58
1695 1 966 54
1696 3 1897 48
1697 3 1897 59
1698 3 1897 58
1699 0 1668 56
1700 1 966 50
1701 2 853 55
1702 3 1897 56
1703 1 966 52
1704 3 1897 38
1705 1 966 58
1706 1 966 61
1707 0 1668 59
1708 3 1897 60
1709 1 966 62
1710 0 1668 60
1711 0 1668 55
1712 2 853 57
1713 3 1897 57
1714 2 853 59
1715 0 1668 62
1716 2 853 57
1717 2 853 59
1718 0 1668 61
1719 2 853 61
1720 0 1668 57
1721 1 966 53
1722 1 966 52
1723 0 1668 60
1724 0 1668 56
1725 0 1668 59
1726 2 853 59
1727 0 1668 63
1728 0 1668 53
1729 2 853 57
1730 3 1897 57
1731 1 966 60
1732 1 966 56
1733 1 966 58
1734 3 1897 58
1735 1 966 59
1736 2 853 28
1737 0 1668 58
1738 3 1897 44
1739 1 966 61
1740 0 1668 60
1741 2 853 57
1742 2 853 62
1743 3 1897 49
1744 1 966 56
1745 3 1897 63
1746 3 1897 55
1747 0 1668 61
1748 1 966 60
1749 2 853 46
1750 3 1897 53
1751 3 1897 61
1752 0 1668 58
1753 2 853 58
1754 2 853 56
1755 3 1897 60
1756 0 1668 61
1757 0 1668 57
1758 2 853 61
1759 1 966 62
1760 3 1897 57
1761 0 1668 59
1762 1 966 55
1763 0 1668 59
1764 0 1668 57
1765 1 966 61
1766 2 853 54
1767 1 966 63
1768 3 1897 61
1769 0 1668 55
1770 1 966 59
1771 1 966 51
1772 2 853 57
1773 1 966 66
1774 2 853 57
1775 0 1668 34
1776 0 1668 60
1777 2 853 61
1778 2 853 61
1779 0 1668 62
1780 2 853 60
1781 1 966 49
1782 3 1897 61
1783 2 853 61
1784 2 853 61
1785 1 966 61
1786 2 853 41
1787 3 1897 60
1788 1 966 50
1789 0 1668 58
1790 0 1668 61
1791 1 966 60
1792 3 1897 59
1793 2 853 58
1794 1 966 53
1795 1 966 56
1796 0 1668 58
1797 2 853 61
1798 2 853 61
1799 1 966 59
1800 0 1668 58
1801 0 1668 60
1802 2 853 63
1803 3 1897 60
1804 1 966 56
1805 3 1897 52
1806 3 1897 53
1807 3 1897 61
1808 3 1897 35
1809 1 966 60
1810 2 853 60
1811 1 966 57
1812 1 966 62
1813 1 966 59
1814 2 853 58
1815 0 1668 57
1816 0 1668 58
1817 1 966 55
1818 0 1668 63
1819 1 966 62
1820 2 853 58
1821 2 853 44
1822 2 853 36
1823 0 1668 61
1824 3 1897 54
1825 1 966 55
1826 1 966 52
1827 0 1668 62
1828 3 1897 56
1829 2 853 61
1830 3 1897 60
1831 3 1897 58
1832 1 966 59
1833 2 853 58
1834 0 1668 59
1835 1 966 58
1836 1 966 61
1837 2 853 57
1838 0 1668 59
1839 0 1668 52
1840 2 853 56
1841 0 1668 61
1842 3 1897 55
1843 2 853 60
1844 1 966 57
1845 1 966 54
1846 3 1897 59
1847 1 966 58
1848 2 853 61
1849 0 1668 61
1850 2 853 58
1851 3 1897 53
1852 1 966 59
1853 2 853 60
1854 0 1668 62
1855 0 1668 52
1856 1 966 57
1857 0 1668 59
1858 1 966 57
1859 2 853 60
1860 2 853 61
1861 1 966 56
1862 3 1897 59
1863 2 853 59
1864 0 1668 58
1865 1 966 59
1866 3 1897 61
1867 3 1897 60
1868 2 853 60
1869 2 853 62
1870 2 853 60
1871 0 1668 62
1872 2 853 61
1873 1 966 53
1874 2 853 62
1875 2 853 57
1876 1 966 54
1877 1 966 56
1878 1 966 56
1879 0 1668 58
1880 0 1668 57
1881 2 853 54
1882 1 966 58
1883 3 1897 58
1884 0 1668 63
1885 1 966 58
1886 2 853 61
1887 1 966 61
1888 1 966 60
1889 1 966 57
1890 3 1897 60
1891 2 853 58
1892 1 966 56
1893 0 1668 61
1894 0 1668 55
1895 1 966 56
1896 3 1897 61
1897 3 1897 0
1898 2 853 60
1899 0 1668 45
1900 1 966 54
1901 0 1668 60
1902 1 966 57
1903 0 1668 62
1904 0 1668 62
1905 1 966 54
1906 3 1897 59
1907 0 1668 62
1908 1 966 55
1909 1 966 55
1910 3 1897 55
1911 2 853 57
1912 1 966 62
1913 3 1897 59
1914 3 1897 53
1915 1 966 52
1916 1 966 56
1917 3 1897 57
1918 2 853 58
1919 2 853 55
1920 3 1897 58
1921 1 966 55
1922 2 853 58
1923 1 966 58
1924 3 1897 54
1925 2 853 60
1926 2 853 60
1927 0 1668 62
1928 3 1897 62
1929 2 853 59
1930 2 853 59
1931 2 853 58
1932 1 966 54
1933 0 1668 27
1934 0 1668 51
1935 0 1668 59
1936 0 1668 60
1937 2 853 55
1938 1 966 56
1939 1 966 60
1940 1 966 58
1941 1 966 60
1942 2 853 51
1943 1 966 55
1944 3 1897 54
1945 3 1897 57
1946 1 966 58
1947 1 966 56
1948 3 1897 61
1949 0 1668 61
1950 2 853 58
1951 1 966 54
1952 0 1668 60
1953 2 853 59
1954 0 1668 62
1955 2 853 59
1956 2 853 49
1957 0 1668 63
1958 1 966 61
1959 0 1668 55
1960 1 966 62
1961 3 1897 58
1962 0 1668 51
1963 2 853 57
1964 1 966 61
1965 2 853 60
1966 2 853 60
1967 3 1897 57
1968 2 853 59
1969 3 1897 58
1970 1 966 53
1971 1 966 53
1972 0 1668 49
1973 0 1668 53
1974 3 1897 18
1975 1 966 62
1976 2 853 57
1977 2 853 62
1978 3 1897 60
1979 2 853 61
1980 2 853 62
1981 3 1897 56
1982 2 853 59
1983 0 1668 60
1984 3 1897 59
1985 2 853 58
1986 2 853 61
1987 3 1897 61
1988 3 1897 64
1989 3 1897 60
1990 0 1668 53
1991 2 853 59
1992 3 1897 58
1993 1 966 57
1994 1 966 59
1995 2 853 57
1996 2 853 62
1997 1 966 55
1998 2 853 58
1999 2 853 56
